5000 0.0
10000 0.4
15000 0.2
20000 0.1
25000 0.2
30000 0.1
35000 0.0
40000 0.1
45000 0.3
50000 0.2
55000 0.0
60000 0.2
65000 0.0
70000 0.3
75000 0.5
80000 0.4
85000 0.5
90000 0.3
95000 0.7
100000 0.6
105000 0.7
110000 1.0
115000 0.9
120000 0.7
125000 0.7
130000 0.6
135000 0.5
140000 0.6
145000 0.7
150000 0.9
155000 0.7
160000 0.8
165000 0.7
170000 0.9
175000 0.8
180000 0.9
185000 1.0
190000 0.8
195000 0.9
200000 1.0
205000 1.0
210000 1.0
215000 0.8
220000 0.8
225000 0.9
230000 0.7
235000 0.8
240000 0.9
245000 1.0
250000 0.7
255000 0.8
260000 0.8
265000 0.7
270000 0.9
275000 0.9
280000 0.8
285000 1.0
290000 0.9
295000 0.8
300000 0.8
305000 0.6
310000 0.7
315000 0.8
320000 0.8
325000 0.7
330000 0.7
335000 0.9
340000 0.9
345000 1.0
350000 0.8
355000 0.7
360000 0.8
365000 0.8
370000 0.9
375000 0.9
380000 0.8
385000 0.9
390000 1.0
395000 0.9
400000 1.0
405000 0.6
410000 0.9
415000 0.9
420000 0.8
425000 0.9
430000 1.0
435000 0.8
440000 0.7
445000 0.9
450000 0.9
455000 1.0
460000 0.7
465000 0.9
470000 0.8
475000 1.0
480000 0.9
485000 0.6
490000 1.0
495000 0.8
500000 0.6
505000 1.0
510000 0.9
515000 0.9
520000 0.9
525000 0.9
530000 0.8
535000 0.7
540000 0.9
545000 0.8
550000 0.7
555000 0.9
560000 0.9
565000 0.8
570000 1.0
575000 0.9
580000 0.8
585000 1.0
590000 1.0
595000 1.0
600000 0.8
605000 0.8
610000 0.8
615000 0.9
620000 0.7
625000 0.9
630000 0.8
635000 0.7
640000 0.9
645000 0.8
650000 0.9
655000 0.8
660000 0.9
665000 1.0
670000 0.9
675000 0.9
680000 0.9
685000 0.9
690000 0.9
695000 0.7
700000 0.8
705000 1.0
710000 0.8
715000 0.8
720000 0.9
725000 0.8
730000 1.0
735000 0.8
740000 1.0
745000 1.0
750000 1.0
755000 1.0
760000 1.0
765000 0.9
770000 0.9
775000 0.9
780000 0.8
785000 1.0
790000 0.9
795000 0.9
800000 0.9
805000 1.0
810000 0.9
815000 1.0
820000 0.9
825000 1.0
830000 0.9
835000 1.0
840000 0.9
845000 0.8
850000 0.9
855000 0.9
860000 0.9
865000 0.9
870000 0.7
875000 0.8
880000 0.8
885000 0.9
890000 0.8
895000 0.9
900000 0.8
905000 1.0
910000 0.7
915000 0.8
920000 1.0
925000 0.8
930000 1.0
935000 0.7
940000 1.0
945000 0.8
950000 1.0
955000 0.8
960000 0.8
965000 1.0
970000 0.9
975000 0.8
980000 1.0
985000 1.0
990000 1.0
995000 1.0
1000000 1.0
