5000 0.0
10000 0.1
15000 0.0
20000 0.0
25000 0.0
30000 0.0
35000 0.0
40000 0.0
45000 0.0
50000 0.0
55000 0.0
60000 0.0
65000 0.0
70000 0.0
75000 0.0
80000 0.2
85000 0.1
90000 0.5
95000 0.2
100000 0.8
105000 0.7
110000 0.8
115000 0.9
120000 0.9
125000 0.4
130000 0.8
135000 0.7
140000 0.6
145000 0.6
150000 0.8
155000 0.8
160000 0.6
165000 0.7
170000 0.9
175000 0.5
180000 0.5
185000 0.6
190000 0.6
195000 0.5
200000 0.6
205000 0.7
210000 0.5
215000 0.6
220000 0.5
225000 0.7
230000 0.7
235000 0.8
240000 0.5
245000 0.6
250000 0.7
255000 0.8
260000 1.0
265000 0.7
270000 0.5
275000 0.8
280000 0.6
285000 0.8
290000 0.7
295000 1.0
300000 0.7
305000 0.5
310000 0.7
315000 0.5
320000 0.9
325000 0.8
330000 0.7
335000 0.5
340000 0.9
345000 0.7
350000 0.4
355000 0.6
360000 0.9
365000 0.8
370000 0.7
375000 0.8
380000 0.5
385000 0.8
390000 0.9
395000 0.6
400000 0.8
405000 0.7
410000 0.6
415000 0.4
420000 0.6
425000 0.6
430000 0.9
435000 0.7
440000 0.5
445000 0.6
450000 0.9
455000 1.0
460000 0.7
465000 0.6
470000 0.5
475000 0.9
480000 0.8
485000 0.6
490000 0.7
495000 0.6
500000 0.8
505000 0.9
510000 0.5
515000 0.8
520000 0.6
525000 1.0
530000 1.0
535000 0.4
540000 0.8
545000 0.5
550000 0.5
555000 0.7
560000 0.7
565000 0.8
570000 0.7
575000 0.6
580000 0.7
585000 0.4
590000 0.7
595000 1.0
600000 0.5
605000 0.4
610000 0.8
615000 0.7
620000 0.8
625000 0.9
630000 0.8
635000 1.0
640000 0.5
645000 0.8
650000 0.6
655000 0.6
660000 0.7
665000 0.7
670000 0.5
675000 0.5
680000 0.8
685000 0.8
690000 0.6
695000 0.4
700000 0.4
705000 0.2
710000 0.4
715000 0.6
720000 0.7
725000 0.4
730000 0.5
735000 0.7
740000 0.6
745000 0.5
750000 0.6
755000 0.6
760000 0.7
765000 0.8
770000 0.3
775000 0.4
780000 0.9
785000 0.6
790000 0.4
795000 0.5
800000 0.7
805000 0.7
810000 0.6
815000 0.4
820000 0.4
825000 0.7
830000 0.6
835000 0.6
840000 0.7
845000 0.6
850000 0.5
855000 0.6
860000 0.7
865000 0.7
870000 0.6
875000 0.6
880000 0.9
885000 0.8
890000 0.3
895000 0.7
900000 0.4
905000 0.5
910000 0.7
915000 0.5
920000 0.8
925000 0.7
930000 0.8
935000 0.8
940000 0.8
945000 0.7
950000 0.6
955000 0.6
960000 0.4
965000 0.8
970000 0.8
975000 0.8
980000 0.6
985000 0.6
990000 0.4
995000 0.5
1000000 0.5
