5000 0.0
10000 0.0
15000 0.0
20000 0.0
25000 0.0
30000 0.0
35000 0.0
40000 0.0
45000 0.0
50000 0.0
55000 0.0
60000 0.0
65000 0.0
70000 0.0
75000 0.0
80000 0.0
85000 0.1
90000 0.0
95000 0.1
100000 0.2
105000 0.6
110000 0.8
115000 0.2
120000 0.4
125000 0.6
130000 0.8
135000 0.6
140000 0.2
145000 0.5
150000 0.4
155000 0.4
160000 0.5
165000 0.6
170000 0.5
175000 0.8
180000 0.7
185000 0.4
190000 0.3
195000 0.6
200000 0.7
205000 0.6
210000 0.2
215000 0.7
220000 0.6
225000 0.8
230000 0.1
235000 0.8
240000 0.6
245000 0.4
250000 0.5
255000 0.8
260000 0.8
265000 0.6
270000 0.7
275000 0.4
280000 0.7
285000 0.4
290000 0.5
295000 0.5
300000 0.6
305000 0.5
310000 0.8
315000 0.5
320000 0.5
325000 0.8
330000 0.6
335000 0.8
340000 0.9
345000 0.7
350000 0.6
355000 0.8
360000 0.8
365000 0.5
370000 0.6
375000 0.7
380000 0.4
385000 0.8
390000 0.7
395000 0.8
400000 0.8
405000 0.5
410000 0.7
415000 0.8
420000 0.6
425000 0.8
430000 0.7
435000 0.6
440000 0.8
445000 0.7
450000 0.8
455000 0.5
460000 0.6
465000 0.8
470000 0.7
475000 0.7
480000 1.0
485000 0.6
490000 0.6
495000 0.4
500000 0.8
505000 0.5
510000 0.5
515000 0.5
520000 0.8
525000 0.6
530000 0.8
535000 0.8
540000 0.8
545000 0.4
550000 0.5
555000 0.6
560000 1.0
565000 0.7
570000 0.6
575000 0.8
580000 0.4
585000 0.7
590000 0.5
595000 0.6
600000 0.5
605000 0.4
610000 0.5
615000 0.3
620000 0.5
625000 0.4
630000 0.6
635000 0.6
640000 0.9
645000 0.7
650000 0.6
655000 0.5
660000 0.7
665000 0.5
670000 0.5
675000 0.5
680000 0.7
685000 0.7
690000 0.6
695000 0.5
700000 0.2
705000 0.9
710000 0.8
715000 1.0
720000 0.9
725000 0.3
730000 0.4
735000 0.9
740000 0.6
745000 0.6
750000 0.5
755000 0.6
760000 0.6
765000 0.6
770000 0.7
775000 0.7
780000 0.4
785000 0.6
790000 0.7
795000 0.6
800000 0.7
805000 0.7
810000 0.6
815000 0.5
820000 0.7
825000 0.4
830000 0.5
835000 0.5
840000 0.6
845000 0.6
850000 0.7
855000 0.9
860000 0.6
865000 0.4
870000 0.5
875000 0.5
880000 0.6
885000 0.4
890000 0.5
895000 0.3
900000 0.3
905000 0.8
910000 0.3
915000 0.4
920000 0.4
925000 0.7
930000 0.6
935000 0.6
940000 0.3
945000 0.5
950000 0.5
955000 0.6
960000 0.3
965000 0.6
970000 0.6
975000 0.7
980000 0.5
985000 0.8
990000 0.3
995000 0.8
1000000 0.4
