5000 0.0
10000 0.0
15000 0.0
20000 0.0
25000 0.0
30000 0.0
35000 0.0
40000 0.0
45000 0.0
50000 0.0
55000 0.0
60000 0.0
65000 0.0
70000 0.0
75000 0.0
80000 0.1
85000 0.0
90000 0.3
95000 0.5
100000 0.6
105000 0.4
110000 0.8
115000 0.3
120000 0.3
125000 0.7
130000 0.6
135000 0.3
140000 0.4
145000 0.9
150000 0.9
155000 0.5
160000 0.5
165000 0.7
170000 0.7
175000 0.4
180000 0.3
185000 0.5
190000 0.5
195000 0.4
200000 0.3
205000 0.6
210000 0.3
215000 0.5
220000 0.8
225000 0.5
230000 0.7
235000 0.5
240000 0.6
245000 0.6
250000 0.6
255000 0.7
260000 0.8
265000 0.4
270000 0.6
275000 0.9
280000 0.7
285000 0.6
290000 0.6
295000 0.7
300000 0.8
305000 0.9
310000 0.9
315000 0.5
320000 0.6
325000 0.8
330000 0.7
335000 0.6
340000 0.8
345000 0.7
350000 0.5
355000 0.8
360000 0.6
365000 0.7
370000 0.5
375000 0.4
380000 0.7
385000 0.7
390000 0.8
395000 0.6
400000 0.7
405000 0.5
410000 0.6
415000 0.5
420000 0.9
425000 0.8
430000 0.9
435000 0.7
440000 0.8
445000 0.8
450000 0.9
455000 0.9
460000 0.6
465000 0.6
470000 0.8
475000 0.8
480000 0.5
485000 0.6
490000 0.9
495000 0.8
500000 0.7
505000 0.5
510000 0.5
515000 0.8
520000 0.7
525000 0.8
530000 0.9
535000 0.8
540000 0.4
545000 0.9
550000 0.4
555000 0.5
560000 0.5
565000 0.6
570000 0.7
575000 0.8
580000 0.7
585000 0.5
590000 0.8
595000 0.7
600000 1.0
605000 0.7
610000 0.7
615000 0.8
620000 0.5
625000 0.8
630000 0.6
635000 0.7
640000 0.5
645000 0.4
650000 0.7
655000 0.6
660000 0.5
665000 0.6
670000 0.9
675000 0.7
680000 0.6
685000 0.5
690000 0.8
695000 0.4
700000 0.3
705000 0.6
710000 0.5
715000 0.6
720000 0.9
725000 0.7
730000 0.6
735000 0.5
740000 0.7
745000 0.7
750000 0.5
755000 0.6
760000 0.5
765000 0.7
770000 0.8
775000 0.6
780000 0.8
785000 0.7
790000 0.5
795000 0.3
800000 0.6
805000 0.6
810000 0.5
815000 0.7
820000 0.6
825000 0.7
830000 0.5
835000 0.5
840000 1.0
845000 0.7
850000 0.7
855000 0.8
860000 0.2
865000 0.6
870000 0.6
875000 0.7
880000 0.5
885000 0.8
890000 0.4
895000 0.7
900000 0.6
905000 0.6
910000 0.8
915000 0.4
920000 0.7
925000 0.6
930000 0.7
935000 0.4
940000 0.4
945000 0.8
950000 0.8
955000 0.8
960000 0.8
965000 0.5
970000 0.3
975000 0.5
980000 0.8
985000 0.4
990000 0.5
995000 0.4
1000000 0.6
