5000 0.0
10000 0.0
15000 0.0
20000 0.0
25000 0.0
30000 0.0
35000 0.0
40000 0.0
45000 0.0
50000 0.0
55000 0.0
60000 0.1
65000 0.0
70000 0.0
75000 0.0
80000 0.1
85000 0.0
90000 0.2
95000 0.6
100000 0.4
105000 0.8
110000 0.8
115000 0.8
120000 0.5
125000 0.7
130000 0.9
135000 0.6
140000 0.3
145000 0.6
150000 0.3
155000 0.8
160000 0.4
165000 0.7
170000 0.7
175000 0.3
180000 0.5
185000 0.3
190000 0.5
195000 0.6
200000 0.5
205000 0.7
210000 0.6
215000 0.7
220000 0.6
225000 0.8
230000 0.7
235000 0.9
240000 0.9
245000 0.6
250000 0.7
255000 0.7
260000 0.7
265000 0.7
270000 0.9
275000 0.5
280000 0.4
285000 0.9
290000 0.8
295000 0.5
300000 0.7
305000 0.7
310000 0.9
315000 0.6
320000 0.9
325000 0.6
330000 0.3
335000 0.5
340000 0.9
345000 0.7
350000 0.6
355000 0.6
360000 0.6
365000 0.7
370000 0.7
375000 0.5
380000 0.4
385000 0.6
390000 0.7
395000 0.8
400000 0.8
405000 0.7
410000 0.7
415000 0.7
420000 0.5
425000 0.6
430000 0.7
435000 0.7
440000 0.8
445000 0.9
450000 0.7
455000 0.7
460000 0.5
465000 0.7
470000 0.9
475000 0.9
480000 0.9
485000 0.7
490000 0.2
495000 0.7
500000 0.9
505000 0.6
510000 0.9
515000 0.8
520000 0.7
525000 0.6
530000 0.6
535000 0.5
540000 0.7
545000 0.6
550000 0.4
555000 0.7
560000 0.6
565000 0.6
570000 0.6
575000 0.6
580000 0.8
585000 0.9
590000 0.7
595000 0.8
600000 0.4
605000 0.6
610000 0.8
615000 0.9
620000 0.6
625000 0.8
630000 0.7
635000 0.5
640000 0.8
645000 0.7
650000 0.6
655000 0.7
660000 0.5
665000 0.7
670000 0.8
675000 0.8
680000 0.6
685000 0.6
690000 0.7
695000 0.7
700000 0.7
705000 0.6
710000 0.5
715000 0.9
720000 0.5
725000 0.4
730000 0.6
735000 0.8
740000 0.6
745000 0.7
750000 0.9
755000 0.8
760000 0.8
765000 0.7
770000 0.7
775000 0.6
780000 0.7
785000 0.8
790000 0.8
795000 0.4
800000 0.8
805000 0.7
810000 0.6
815000 0.7
820000 0.7
825000 0.4
830000 0.7
835000 0.5
840000 0.7
845000 0.8
850000 0.9
855000 0.8
860000 0.6
865000 0.6
870000 0.8
875000 0.7
880000 0.8
885000 0.8
890000 0.7
895000 0.5
900000 0.6
905000 0.5
910000 0.6
915000 0.8
920000 0.6
925000 0.9
930000 0.7
935000 0.7
940000 0.9
945000 0.6
950000 0.6
955000 0.7
960000 0.8
965000 0.8
970000 0.6
975000 0.7
980000 0.8
985000 0.5
990000 0.8
995000 0.6
1000000 0.8
