5000 0.0
10000 0.0
15000 0.0
20000 0.0
25000 0.0
30000 0.0
35000 0.0
40000 0.0
45000 0.0
50000 0.0
55000 0.0
60000 0.0
65000 0.0
70000 0.0
75000 0.0
80000 0.1
85000 0.2
90000 0.4
95000 0.5
100000 1.0
105000 0.8
110000 0.8
115000 0.8
120000 0.7
125000 0.8
130000 0.6
135000 0.6
140000 0.9
145000 0.8
150000 0.4
155000 1.0
160000 0.8
165000 0.6
170000 0.9
175000 0.7
180000 0.8
185000 0.8
190000 0.8
195000 0.8
200000 0.7
205000 0.6
210000 0.8
215000 0.6
220000 0.8
225000 0.7
230000 0.7
235000 0.4
240000 0.5
245000 0.6
250000 0.8
255000 0.7
260000 1.0
265000 0.7
270000 0.6
275000 0.8
280000 0.9
285000 0.9
290000 0.9
295000 0.9
300000 0.9
305000 0.8
310000 1.0
315000 0.9
320000 0.7
325000 0.8
330000 0.7
335000 0.6
340000 0.3
345000 0.9
350000 0.7
355000 1.0
360000 0.5
365000 0.7
370000 0.9
375000 0.9
380000 0.9
385000 0.8
390000 1.0
395000 0.4
400000 0.8
405000 0.8
410000 1.0
415000 0.7
420000 0.7
425000 0.6
430000 0.7
435000 0.9
440000 0.6
445000 0.6
450000 0.7
455000 0.7
460000 0.9
465000 0.8
470000 0.9
475000 0.6
480000 0.9
485000 0.7
490000 0.6
495000 1.0
500000 0.8
505000 1.0
510000 0.4
515000 0.7
520000 0.7
525000 0.9
530000 0.9
535000 0.9
540000 0.8
545000 0.5
550000 0.7
555000 0.9
560000 0.8
565000 0.9
570000 0.8
575000 0.9
580000 0.6
585000 0.9
590000 0.8
595000 0.5
600000 0.6
605000 0.9
610000 0.8
615000 0.8
620000 0.7
625000 0.8
630000 0.8
635000 1.0
640000 0.9
645000 0.8
650000 0.7
655000 0.8
660000 0.5
665000 0.7
670000 0.7
675000 0.9
680000 0.5
685000 0.9
690000 0.9
695000 0.5
700000 0.7
705000 1.0
710000 0.7
715000 0.9
720000 0.8
725000 0.7
730000 0.9
735000 0.8
740000 0.7
745000 0.8
750000 0.8
755000 0.9
760000 0.9
765000 0.7
770000 0.7
775000 0.8
780000 0.7
785000 0.8
790000 0.5
795000 0.6
800000 0.7
805000 0.7
810000 0.8
815000 0.6
820000 0.5
825000 0.8
830000 0.7
835000 0.7
840000 0.9
845000 0.6
850000 0.4
855000 0.7
860000 0.7
865000 0.9
870000 0.8
875000 0.8
880000 0.7
885000 0.6
890000 0.6
895000 0.8
900000 0.7
905000 0.8
910000 1.0
915000 0.9
920000 0.6
925000 0.6
930000 0.6
935000 0.7
940000 0.7
945000 0.8
950000 0.8
955000 0.8
960000 0.8
965000 0.9
970000 0.6
975000 0.8
980000 0.7
985000 0.7
990000 0.7
995000 0.7
1000000 0.6
