5000 0.0
10000 0.0
15000 0.0
20000 0.0
25000 0.0
30000 0.0
35000 0.0
40000 0.0
45000 0.0
50000 0.0
55000 0.0
60000 0.0
65000 0.0
70000 0.0
75000 0.2
80000 0.0
85000 0.0
90000 0.1
95000 0.1
100000 0.0
105000 0.0
110000 0.1
115000 0.2
120000 0.2
125000 0.1
130000 0.1
135000 0.1
140000 0.3
145000 0.2
150000 0.2
155000 0.3
160000 0.1
165000 0.5
170000 0.3
175000 0.3
180000 0.4
185000 0.3
190000 0.3
195000 0.3
200000 0.4
205000 0.2
210000 0.1
215000 0.5
220000 0.3
225000 0.3
230000 0.2
235000 0.3
240000 0.3
245000 0.5
250000 0.6
255000 0.3
260000 0.3
265000 0.2
270000 0.2
275000 0.3
280000 0.6
285000 0.3
290000 0.2
295000 0.5
300000 0.5
305000 0.5
310000 0.3
315000 0.4
320000 0.5
325000 0.3
330000 0.6
335000 0.6
340000 0.5
345000 0.5
350000 0.4
355000 0.5
360000 0.4
365000 0.3
370000 0.3
375000 0.5
380000 0.8
385000 0.4
390000 0.6
395000 0.5
400000 0.5
405000 0.5
410000 0.6
415000 0.7
420000 0.5
425000 0.3
430000 0.3
435000 0.6
440000 0.7
445000 0.6
450000 0.4
455000 0.6
460000 0.7
465000 0.2
470000 0.7
475000 0.7
480000 0.5
485000 0.4
490000 0.4
495000 0.7
500000 0.4
505000 0.6
510000 0.8
515000 0.5
520000 0.4
525000 0.7
530000 0.3
535000 0.7
540000 0.7
545000 0.6
550000 0.5
555000 0.5
560000 0.5
565000 0.4
570000 0.6
575000 0.5
580000 0.5
585000 0.7
590000 0.5
595000 0.8
600000 0.3
605000 0.6
610000 0.3
615000 0.3
620000 0.7
625000 0.5
630000 0.5
635000 0.8
640000 0.6
645000 0.5
650000 0.7
655000 0.6
660000 0.6
665000 0.6
670000 0.7
675000 0.7
680000 0.4
685000 1.0
690000 0.4
695000 0.8
700000 0.4
705000 0.6
710000 0.4
715000 0.5
720000 0.7
725000 0.6
730000 0.4
735000 0.6
740000 0.7
745000 0.7
750000 0.4
755000 0.5
760000 0.6
765000 0.7
770000 0.5
775000 0.6
780000 0.6
785000 0.5
790000 0.6
795000 0.5
800000 0.5
805000 0.8
810000 0.6
815000 0.5
820000 0.5
825000 0.5
830000 0.5
835000 0.5
840000 0.5
845000 0.6
850000 0.7
855000 0.5
860000 0.6
865000 0.7
870000 0.5
875000 0.4
880000 0.7
885000 0.6
890000 0.6
895000 0.8
900000 0.6
905000 0.7
910000 0.6
915000 0.5
920000 0.5
925000 0.5
930000 0.7
935000 0.7
940000 0.7
945000 0.5
950000 0.5
955000 0.6
960000 0.7
965000 0.4
970000 0.5
975000 0.6
980000 0.5
985000 0.7
990000 0.3
995000 0.5
1000000 0.3
