5000 0.0
10000 0.0
15000 0.0
20000 0.0
25000 0.0
30000 0.0
35000 0.0
40000 0.0
45000 0.0
50000 0.0
55000 0.0
60000 0.0
65000 0.0
70000 0.1
75000 0.1
80000 0.0
85000 0.1
90000 0.3
95000 0.3
100000 0.0
105000 0.1
110000 0.1
115000 0.3
120000 0.0
125000 0.1
130000 0.5
135000 0.1
140000 0.1
145000 0.7
150000 0.2
155000 0.3
160000 0.3
165000 0.2
170000 0.2
175000 0.4
180000 0.4
185000 0.1
190000 0.2
195000 0.2
200000 0.0
205000 0.3
210000 0.3
215000 0.2
220000 0.3
225000 0.4
230000 0.7
235000 0.2
240000 0.1
245000 0.3
250000 0.3
255000 0.7
260000 0.5
265000 0.5
270000 0.5
275000 0.1
280000 0.4
285000 0.2
290000 0.4
295000 0.3
300000 0.3
305000 0.4
310000 0.5
315000 0.4
320000 0.7
325000 0.3
330000 0.6
335000 0.5
340000 0.6
345000 0.7
350000 0.3
355000 0.4
360000 0.3
365000 0.5
370000 0.4
375000 0.5
380000 0.1
385000 0.6
390000 0.5
395000 0.5
400000 0.3
405000 0.3
410000 0.8
415000 0.5
420000 0.6
425000 0.7
430000 0.5
435000 0.9
440000 0.5
445000 0.5
450000 0.5
455000 0.4
460000 0.5
465000 0.7
470000 0.4
475000 0.5
480000 0.5
485000 0.3
490000 0.3
495000 0.4
500000 0.5
505000 0.3
510000 0.4
515000 0.3
520000 0.3
525000 0.2
530000 0.7
535000 0.5
540000 0.8
545000 0.7
550000 0.5
555000 0.6
560000 0.0
565000 0.3
570000 0.8
575000 0.6
580000 0.5
585000 0.5
590000 0.5
595000 0.4
600000 0.4
605000 0.4
610000 0.6
615000 0.6
620000 0.3
625000 0.9
630000 0.6
635000 0.9
640000 0.4
645000 0.6
650000 0.7
655000 0.4
660000 0.8
665000 0.5
670000 0.6
675000 0.4
680000 0.5
685000 0.3
690000 0.4
695000 0.6
700000 0.4
705000 0.4
710000 0.7
715000 0.7
720000 0.9
725000 0.7
730000 0.8
735000 0.6
740000 0.4
745000 0.5
750000 0.4
755000 0.5
760000 0.4
765000 0.5
770000 0.4
775000 0.7
780000 0.8
785000 0.5
790000 0.2
795000 0.6
800000 0.7
805000 0.5
810000 0.5
815000 0.6
820000 0.5
825000 0.7
830000 0.5
835000 0.3
840000 0.7
845000 0.4
850000 0.8
855000 0.5
860000 0.7
865000 0.5
870000 0.3
875000 0.3
880000 0.6
885000 0.5
890000 0.5
895000 0.8
900000 0.4
905000 0.4
910000 0.7
915000 0.5
920000 0.5
925000 0.3
930000 0.5
935000 0.5
940000 0.6
945000 0.5
950000 0.4
955000 0.4
960000 0.2
965000 0.6
970000 0.5
975000 0.6
980000 0.7
985000 0.5
990000 0.5
995000 0.3
1000000 0.3
