5000 0.0
10000 0.0
15000 0.0
20000 0.0
25000 0.0
30000 0.0
35000 0.0
40000 0.0
45000 0.0
50000 0.0
55000 0.0
60000 0.0
65000 0.0
70000 0.0
75000 0.0
80000 0.0
85000 0.1
90000 0.1
95000 0.0
100000 0.1
105000 0.1
110000 0.1
115000 0.4
120000 0.1
125000 0.0
130000 0.2
135000 0.6
140000 0.0
145000 0.2
150000 0.2
155000 0.4
160000 0.2
165000 0.3
170000 0.2
175000 0.6
180000 0.6
185000 0.4
190000 0.8
195000 0.4
200000 0.1
205000 0.1
210000 0.0
215000 0.3
220000 0.2
225000 0.3
230000 0.3
235000 0.4
240000 0.2
245000 0.0
250000 0.5
255000 0.2
260000 0.4
265000 0.2
270000 0.4
275000 0.1
280000 0.1
285000 0.2
290000 0.2
295000 0.4
300000 0.6
305000 0.5
310000 0.2
315000 0.5
320000 0.3
325000 0.5
330000 0.5
335000 0.7
340000 0.6
345000 0.4
350000 0.2
355000 0.3
360000 0.3
365000 0.7
370000 0.3
375000 0.4
380000 0.6
385000 0.2
390000 0.3
395000 0.2
400000 0.2
405000 0.5
410000 0.7
415000 0.4
420000 0.4
425000 0.4
430000 0.6
435000 0.1
440000 0.2
445000 0.1
450000 0.2
455000 0.2
460000 0.5
465000 0.6
470000 0.6
475000 0.4
480000 0.2
485000 0.0
490000 0.3
495000 0.4
500000 0.5
505000 0.3
510000 0.5
515000 0.3
520000 0.5
525000 0.1
530000 0.4
535000 0.5
540000 0.4
545000 0.2
550000 0.6
555000 0.5
560000 0.5
565000 0.6
570000 0.5
575000 0.3
580000 0.3
585000 0.3
590000 0.6
595000 0.6
600000 0.3
605000 0.5
610000 0.3
615000 0.4
620000 0.5
625000 0.2
630000 0.5
635000 0.1
640000 0.2
645000 0.6
650000 0.6
655000 0.4
660000 0.6
665000 0.3
670000 0.4
675000 0.3
680000 0.5
685000 0.4
690000 0.3
695000 0.5
700000 0.2
705000 0.4
710000 0.4
715000 0.5
720000 0.5
725000 0.3
730000 0.2
735000 0.3
740000 0.4
745000 0.3
750000 0.5
755000 0.5
760000 0.4
765000 0.5
770000 0.3
775000 0.5
780000 0.6
785000 0.5
790000 0.5
795000 0.3
800000 0.5
805000 0.5
810000 0.3
815000 0.7
820000 0.5
825000 0.5
830000 0.3
835000 0.2
840000 0.2
845000 0.3
850000 0.6
855000 0.1
860000 0.5
865000 0.5
870000 0.5
875000 0.3
880000 0.4
885000 0.2
890000 0.6
895000 0.4
900000 0.7
905000 0.5
910000 0.2
915000 0.7
920000 0.2
925000 0.5
930000 0.5
935000 0.5
940000 0.5
945000 0.7
950000 0.5
955000 0.3
960000 0.4
965000 0.4
970000 0.3
975000 0.3
980000 0.4
985000 0.5
990000 0.2
995000 0.2
1000000 0.4
