5000 0.0
10000 0.0
15000 0.0
20000 0.0
25000 0.0
30000 0.0
35000 0.0
40000 0.0
45000 0.0
50000 0.0
55000 0.0
60000 0.0
65000 0.0
70000 0.0
75000 0.1
80000 0.0
85000 0.0
90000 0.1
95000 0.0
100000 0.0
105000 0.1
110000 0.2
115000 0.2
120000 0.4
125000 0.1
130000 0.2
135000 0.1
140000 0.0
145000 0.1
150000 0.2
155000 0.2
160000 0.0
165000 0.1
170000 0.5
175000 0.2
180000 0.1
185000 0.2
190000 0.4
195000 0.5
200000 0.0
205000 0.2
210000 0.2
215000 0.1
220000 0.2
225000 0.3
230000 0.5
235000 0.5
240000 0.4
245000 0.4
250000 0.1
255000 0.1
260000 0.5
265000 0.4
270000 0.1
275000 0.3
280000 0.0
285000 0.2
290000 0.6
295000 0.2
300000 0.4
305000 0.3
310000 0.4
315000 0.4
320000 0.3
325000 0.4
330000 0.2
335000 0.5
340000 0.2
345000 0.3
350000 0.1
355000 0.5
360000 0.6
365000 0.3
370000 0.3
375000 0.2
380000 0.4
385000 0.3
390000 0.5
395000 0.4
400000 0.2
405000 0.2
410000 0.3
415000 0.4
420000 0.3
425000 0.3
430000 0.4
435000 0.2
440000 0.4
445000 0.2
450000 0.2
455000 0.6
460000 0.7
465000 0.7
470000 0.3
475000 0.2
480000 0.5
485000 0.4
490000 0.1
495000 0.3
500000 0.3
505000 0.1
510000 0.4
515000 0.7
520000 0.3
525000 0.2
530000 0.6
535000 0.5
540000 0.5
545000 0.4
550000 0.2
555000 0.4
560000 0.6
565000 0.5
570000 0.7
575000 0.3
580000 0.3
585000 0.4
590000 0.1
595000 0.6
600000 0.3
605000 0.5
610000 0.3
615000 0.1
620000 0.4
625000 0.2
630000 0.3
635000 0.4
640000 0.5
645000 0.3
650000 0.6
655000 0.3
660000 0.4
665000 0.5
670000 0.6
675000 0.4
680000 0.6
685000 0.4
690000 0.2
695000 0.7
700000 0.4
705000 0.5
710000 0.6
715000 0.2
720000 0.2
725000 0.5
730000 0.8
735000 0.4
740000 0.6
745000 0.5
750000 0.4
755000 0.1
760000 0.4
765000 0.5
770000 0.7
775000 0.1
780000 0.5
785000 0.7
790000 0.5
795000 0.3
800000 0.7
805000 0.5
810000 0.5
815000 0.5
820000 0.3
825000 0.7
830000 0.4
835000 0.5
840000 0.5
845000 0.4
850000 0.3
855000 0.5
860000 0.7
865000 0.9
870000 0.8
875000 0.5
880000 0.6
885000 0.4
890000 0.7
895000 0.6
900000 0.6
905000 0.7
910000 0.5
915000 0.2
920000 0.5
925000 0.4
930000 0.5
935000 0.3
940000 0.3
945000 0.7
950000 0.4
955000 0.2
960000 0.4
965000 0.6
970000 0.3
975000 0.6
980000 0.3
985000 0.4
990000 0.5
995000 0.3
1000000 0.5
