5000 0.0
10000 0.3
15000 0.3
20000 0.1
25000 0.2
30000 0.4
35000 0.0
40000 0.0
45000 0.1
50000 0.3
55000 0.3
60000 0.5
65000 0.3
70000 0.4
75000 0.7
80000 0.5
85000 0.8
90000 0.7
95000 0.8
100000 0.5
105000 0.9
110000 0.5
115000 0.6
120000 1.0
125000 0.6
130000 0.8
135000 0.5
140000 0.7
145000 0.9
150000 0.8
155000 1.0
160000 0.9
165000 0.9
170000 0.9
175000 0.8
180000 0.9
185000 1.0
190000 0.9
195000 0.9
200000 0.7
205000 0.8
210000 0.9
215000 0.9
220000 1.0
225000 0.9
230000 0.9
235000 0.8
240000 0.9
245000 0.8
250000 0.8
255000 0.9
260000 1.0
265000 0.9
270000 0.8
275000 0.8
280000 0.8
285000 1.0
290000 0.8
295000 1.0
300000 0.9
305000 0.8
310000 1.0
315000 0.8
320000 0.8
325000 0.7
330000 0.8
335000 1.0
340000 1.0
345000 1.0
350000 0.8
355000 0.9
360000 1.0
365000 0.9
370000 0.9
375000 0.9
380000 0.9
385000 0.8
390000 0.9
395000 1.0
400000 1.0
405000 0.9
410000 0.8
415000 0.7
420000 0.8
425000 1.0
430000 0.9
435000 1.0
440000 0.8
445000 0.8
450000 1.0
455000 1.0
460000 0.5
465000 0.7
470000 0.9
475000 0.9
480000 1.0
485000 1.0
490000 0.8
495000 0.9
500000 0.8
505000 0.6
510000 1.0
515000 0.8
520000 1.0
525000 0.9
530000 1.0
535000 0.7
540000 0.8
545000 1.0
550000 0.5
555000 0.9
560000 1.0
565000 0.7
570000 0.7
575000 1.0
580000 0.9
585000 0.9
590000 1.0
595000 1.0
600000 1.0
605000 1.0
610000 1.0
615000 0.9
620000 1.0
625000 1.0
630000 1.0
635000 0.8
640000 0.9
645000 0.6
650000 0.7
655000 0.8
660000 0.8
665000 1.0
670000 1.0
675000 1.0
680000 1.0
685000 0.7
690000 0.9
695000 0.8
700000 0.8
705000 0.9
710000 0.8
715000 1.0
720000 0.8
725000 0.9
730000 1.0
735000 0.9
740000 1.0
745000 0.9
750000 0.9
755000 0.8
760000 0.8
765000 0.8
770000 1.0
775000 0.7
780000 0.9
785000 0.9
790000 0.6
795000 0.8
800000 0.8
805000 0.9
810000 1.0
815000 1.0
820000 0.9
825000 1.0
830000 0.9
835000 0.9
840000 1.0
845000 0.9
850000 0.8
855000 0.9
860000 0.9
865000 0.9
870000 0.8
875000 1.0
880000 1.0
885000 0.8
890000 0.9
895000 0.8
900000 0.8
905000 0.9
910000 0.9
915000 1.0
920000 1.0
925000 0.9
930000 1.0
935000 1.0
940000 1.0
945000 0.8
950000 0.8
955000 0.9
960000 0.8
965000 1.0
970000 1.0
975000 0.8
980000 0.9
985000 0.8
990000 1.0
995000 1.0
1000000 1.0
