5000 0.0
10000 0.0
15000 0.0
20000 0.0
25000 0.5
30000 0.2
35000 0.2
40000 0.1
45000 0.0
50000 0.1
55000 0.0
60000 0.6
65000 0.4
70000 0.5
75000 0.4
80000 0.7
85000 0.5
90000 0.7
95000 1.0
100000 0.7
105000 0.6
110000 0.7
115000 0.8
120000 0.5
125000 0.8
130000 0.8
135000 0.7
140000 0.6
145000 1.0
150000 0.9
155000 0.7
160000 0.7
165000 0.7
170000 0.5
175000 0.8
180000 0.7
185000 1.0
190000 0.7
195000 0.7
200000 0.9
205000 0.6
210000 0.9
215000 0.8
220000 0.9
225000 0.7
230000 0.9
235000 1.0
240000 0.5
245000 0.9
250000 0.4
255000 0.6
260000 0.9
265000 0.7
270000 0.7
275000 0.9
280000 0.5
285000 0.8
290000 0.9
295000 0.9
300000 0.8
305000 0.8
310000 0.8
315000 0.9
320000 0.9
325000 0.7
330000 0.8
335000 0.8
340000 1.0
345000 0.9
350000 0.9
355000 0.6
360000 0.8
365000 0.9
370000 0.9
375000 0.9
380000 0.8
385000 1.0
390000 0.8
395000 0.9
400000 0.9
405000 0.9
410000 1.0
415000 0.5
420000 0.9
425000 1.0
430000 1.0
435000 0.6
440000 1.0
445000 1.0
450000 0.9
455000 0.8
460000 0.7
465000 0.9
470000 0.9
475000 0.9
480000 0.7
485000 0.8
490000 0.8
495000 0.7
500000 0.7
505000 1.0
510000 0.9
515000 0.8
520000 0.9
525000 0.7
530000 0.6
535000 0.9
540000 1.0
545000 1.0
550000 0.9
555000 1.0
560000 0.8
565000 0.7
570000 0.7
575000 0.5
580000 0.9
585000 0.8
590000 0.9
595000 0.7
600000 0.9
605000 1.0
610000 0.9
615000 0.9
620000 0.9
625000 0.9
630000 0.9
635000 0.9
640000 0.8
645000 1.0
650000 0.9
655000 0.9
660000 0.9
665000 1.0
670000 0.8
675000 1.0
680000 1.0
685000 0.8
690000 1.0
695000 1.0
700000 0.8
705000 0.8
710000 1.0
715000 0.8
720000 0.9
725000 0.8
730000 0.9
735000 0.9
740000 0.7
745000 0.7
750000 0.8
755000 1.0
760000 1.0
765000 0.9
770000 0.9
775000 0.9
780000 0.9
785000 0.9
790000 0.8
795000 0.9
800000 1.0
805000 0.9
810000 0.7
815000 0.6
820000 1.0
825000 0.9
830000 0.9
835000 1.0
840000 0.6
845000 0.7
850000 0.6
855000 0.9
860000 1.0
865000 1.0
870000 0.8
875000 1.0
880000 1.0
885000 0.5
890000 0.9
895000 0.7
900000 0.7
905000 0.9
910000 1.0
915000 1.0
920000 0.8
925000 1.0
930000 0.9
935000 1.0
940000 0.8
945000 0.7
950000 1.0
955000 0.8
960000 0.8
965000 1.0
970000 0.9
975000 0.9
980000 0.9
985000 0.7
990000 1.0
995000 0.6
1000000 1.0
