5000 0.0
10000 0.0
15000 0.2
20000 0.0
25000 0.0
30000 0.1
35000 0.1
40000 0.2
45000 0.0
50000 0.0
55000 0.2
60000 0.4
65000 0.1
70000 0.2
75000 0.5
80000 0.3
85000 0.3
90000 0.6
95000 0.2
100000 0.4
105000 0.5
110000 0.4
115000 0.5
120000 0.6
125000 0.6
130000 0.7
135000 0.7
140000 0.6
145000 1.0
150000 0.6
155000 0.4
160000 0.7
165000 0.8
170000 0.8
175000 0.8
180000 0.7
185000 0.6
190000 0.7
195000 1.0
200000 0.7
205000 0.7
210000 0.9
215000 1.0
220000 0.9
225000 0.7
230000 0.9
235000 0.6
240000 1.0
245000 0.9
250000 0.9
255000 0.9
260000 0.8
265000 0.8
270000 0.8
275000 0.9
280000 1.0
285000 0.8
290000 0.9
295000 0.7
300000 0.8
305000 0.9
310000 1.0
315000 0.8
320000 0.6
325000 0.8
330000 0.9
335000 1.0
340000 0.8
345000 0.8
350000 0.8
355000 0.7
360000 1.0
365000 0.8
370000 0.9
375000 0.9
380000 0.8
385000 0.9
390000 0.8
395000 1.0
400000 0.9
405000 0.8
410000 0.9
415000 0.9
420000 0.8
425000 1.0
430000 0.8
435000 0.9
440000 0.9
445000 0.7
450000 0.9
455000 1.0
460000 0.7
465000 0.8
470000 0.8
475000 1.0
480000 1.0
485000 0.9
490000 0.9
495000 0.9
500000 0.8
505000 0.9
510000 0.9
515000 1.0
520000 1.0
525000 1.0
530000 0.9
535000 0.9
540000 0.8
545000 0.9
550000 0.9
555000 1.0
560000 0.9
565000 0.9
570000 0.9
575000 1.0
580000 1.0
585000 0.9
590000 0.9
595000 0.9
600000 0.8
605000 0.9
610000 1.0
615000 0.6
620000 0.8
625000 0.9
630000 1.0
635000 0.9
640000 0.9
645000 0.9
650000 0.9
655000 0.9
660000 1.0
665000 0.8
670000 1.0
675000 0.6
680000 1.0
685000 0.9
690000 0.9
695000 0.9
700000 0.8
705000 0.7
710000 0.9
715000 0.9
720000 1.0
725000 1.0
730000 0.9
735000 0.9
740000 0.9
745000 1.0
750000 0.8
755000 1.0
760000 0.9
765000 1.0
770000 1.0
775000 0.9
780000 1.0
785000 0.9
790000 1.0
795000 0.8
800000 0.9
805000 0.8
810000 0.8
815000 0.8
820000 0.9
825000 1.0
830000 0.9
835000 0.7
840000 0.9
845000 0.7
850000 0.9
855000 1.0
860000 1.0
865000 0.8
870000 0.8
875000 0.8
880000 0.9
885000 0.9
890000 1.0
895000 1.0
900000 0.8
905000 0.8
910000 1.0
915000 0.9
920000 1.0
925000 1.0
930000 0.9
935000 1.0
940000 1.0
945000 1.0
950000 1.0
955000 0.8
960000 1.0
965000 0.9
970000 1.0
975000 0.9
980000 0.9
985000 0.9
990000 0.9
995000 0.8
1000000 1.0
