5000 0.0
10000 0.0
15000 0.0
20000 0.0
25000 0.1
30000 0.4
35000 0.0
40000 0.0
45000 0.5
50000 0.2
55000 0.5
60000 0.6
65000 0.5
70000 0.7
75000 0.9
80000 0.8
85000 0.6
90000 1.0
95000 1.0
100000 0.7
105000 0.8
110000 0.6
115000 0.5
120000 0.8
125000 0.9
130000 0.7
135000 0.4
140000 1.0
145000 0.9
150000 0.7
155000 0.8
160000 0.9
165000 0.7
170000 0.9
175000 0.9
180000 0.8
185000 0.6
190000 0.9
195000 0.7
200000 0.9
205000 0.6
210000 0.7
215000 0.7
220000 0.9
225000 0.6
230000 0.4
235000 0.6
240000 0.9
245000 0.4
250000 1.0
255000 0.9
260000 0.7
265000 0.8
270000 1.0
275000 1.0
280000 0.8
285000 0.8
290000 0.6
295000 0.7
300000 0.5
305000 0.6
310000 0.6
315000 0.7
320000 0.8
325000 0.7
330000 0.9
335000 0.8
340000 0.8
345000 0.9
350000 0.6
355000 0.8
360000 0.8
365000 0.8
370000 0.6
375000 0.7
380000 0.8
385000 0.9
390000 0.6
395000 0.8
400000 0.7
405000 0.9
410000 0.9
415000 0.9
420000 0.9
425000 0.9
430000 1.0
435000 0.9
440000 0.7
445000 0.7
450000 0.5
455000 0.9
460000 0.9
465000 0.8
470000 0.8
475000 0.8
480000 0.9
485000 0.8
490000 1.0
495000 0.8
500000 0.8
505000 0.9
510000 1.0
515000 1.0
520000 0.8
525000 0.7
530000 0.9
535000 0.9
540000 0.8
545000 0.9
550000 0.8
555000 0.8
560000 1.0
565000 0.7
570000 0.9
575000 0.8
580000 1.0
585000 0.7
590000 1.0
595000 0.9
600000 0.9
605000 0.9
610000 0.9
615000 0.8
620000 0.9
625000 0.9
630000 0.9
635000 1.0
640000 0.8
645000 0.7
650000 0.9
655000 1.0
660000 0.9
665000 1.0
670000 0.8
675000 0.8
680000 0.9
685000 0.8
690000 1.0
695000 1.0
700000 0.9
705000 1.0
710000 0.7
715000 0.8
720000 0.6
725000 0.9
730000 1.0
735000 0.9
740000 0.8
745000 0.6
750000 0.9
755000 0.8
760000 1.0
765000 1.0
770000 0.9
775000 0.9
780000 0.9
785000 1.0
790000 0.8
795000 0.9
800000 0.8
805000 0.8
810000 0.9
815000 0.7
820000 0.8
825000 0.9
830000 0.9
835000 0.7
840000 0.9
845000 0.9
850000 0.6
855000 0.8
860000 0.8
865000 1.0
870000 0.8
875000 0.7
880000 1.0
885000 0.8
890000 0.9
895000 0.9
900000 0.8
905000 0.9
910000 0.9
915000 0.9
920000 0.9
925000 0.8
930000 0.8
935000 0.9
940000 0.8
945000 1.0
950000 0.9
955000 0.8
960000 1.0
965000 0.8
970000 0.9
975000 0.6
980000 0.9
985000 0.6
990000 0.6
995000 0.9
1000000 1.0
