5000 0.0
10000 0.0
15000 0.0
20000 0.0
25000 0.0
30000 0.0
35000 0.0
40000 0.0
45000 0.0
50000 0.0
55000 0.0
60000 0.0
65000 0.0
70000 0.3
75000 0.1
80000 0.1
85000 0.6
90000 0.3
95000 0.5
100000 0.3
105000 0.7
110000 0.2
115000 0.3
120000 0.6
125000 0.8
130000 0.5
135000 0.2
140000 0.5
145000 0.5
150000 0.7
155000 0.4
160000 0.7
165000 0.5
170000 0.9
175000 0.9
180000 0.2
185000 0.7
190000 0.8
195000 0.4
200000 0.5
205000 0.8
210000 0.6
215000 0.5
220000 0.8
225000 0.6
230000 0.5
235000 0.9
240000 0.6
245000 0.5
250000 0.7
255000 0.7
260000 0.8
265000 0.6
270000 0.6
275000 0.6
280000 0.6
285000 0.7
290000 0.7
295000 0.3
300000 0.7
305000 0.7
310000 0.7
315000 0.5
320000 0.5
325000 0.3
330000 0.9
335000 0.5
340000 0.7
345000 0.2
350000 0.5
355000 0.2
360000 0.5
365000 0.8
370000 0.5
375000 0.5
380000 0.8
385000 0.4
390000 0.6
395000 0.6
400000 0.7
405000 0.7
410000 0.7
415000 0.5
420000 0.9
425000 0.4
430000 0.7
435000 0.2
440000 0.8
445000 0.7
450000 0.8
455000 0.8
460000 0.5
465000 0.4
470000 0.5
475000 0.5
480000 0.8
485000 0.4
490000 0.4
495000 0.5
500000 0.4
505000 0.6
510000 0.6
515000 0.7
520000 0.6
525000 0.4
530000 0.9
535000 0.4
540000 0.5
545000 0.4
550000 0.3
555000 0.5
560000 0.6
565000 0.6
570000 0.5
575000 0.7
580000 1.0
585000 0.4
590000 0.4
595000 0.1
600000 0.7
605000 0.3
610000 0.6
615000 0.9
620000 0.8
625000 0.7
630000 0.6
635000 0.4
640000 0.6
645000 0.6
650000 0.7
655000 0.5
660000 0.3
665000 0.6
670000 0.8
675000 0.7
680000 0.8
685000 0.8
690000 0.8
695000 0.6
700000 0.6
705000 0.7
710000 0.8
715000 0.4
720000 0.9
725000 0.6
730000 0.6
735000 0.4
740000 0.5
745000 0.8
750000 0.7
755000 0.7
760000 0.5
765000 0.7
770000 0.6
775000 0.8
780000 0.6
785000 0.3
790000 0.7
795000 0.6
800000 0.6
805000 0.3
810000 0.8
815000 0.6
820000 0.4
825000 0.7
830000 0.7
835000 0.7
840000 0.6
845000 0.4
850000 0.4
855000 0.5
860000 0.5
865000 0.3
870000 0.6
875000 0.3
880000 0.6
885000 0.6
890000 0.7
895000 0.9
900000 0.7
905000 0.6
910000 0.5
915000 0.6
920000 0.4
925000 0.6
930000 0.8
935000 0.8
940000 0.5
945000 0.5
950000 0.6
955000 0.6
960000 0.6
965000 0.7
970000 0.6
975000 0.3
980000 0.5
985000 0.8
990000 0.7
995000 0.7
1000000 0.8
