5000 0.0
10000 0.0
15000 0.0
20000 0.0
25000 0.0
30000 0.0
35000 0.0
40000 0.0
45000 0.0
50000 0.0
55000 0.0
60000 0.5
65000 0.3
70000 0.5
75000 0.3
80000 0.4
85000 0.5
90000 0.0
95000 0.1
100000 0.3
105000 0.6
110000 0.5
115000 0.5
120000 0.7
125000 1.0
130000 0.8
135000 0.7
140000 0.7
145000 0.7
150000 0.8
155000 0.7
160000 0.8
165000 0.8
170000 0.7
175000 0.6
180000 0.8
185000 0.8
190000 0.6
195000 0.4
200000 0.6
205000 0.8
210000 0.3
215000 0.6
220000 0.6
225000 0.8
230000 0.6
235000 0.8
240000 0.4
245000 0.8
250000 0.7
255000 0.8
260000 0.5
265000 0.8
270000 0.7
275000 0.7
280000 1.0
285000 0.9
290000 0.7
295000 0.8
300000 0.6
305000 0.4
310000 1.0
315000 0.7
320000 0.6
325000 0.6
330000 0.7
335000 0.8
340000 0.9
345000 0.7
350000 0.9
355000 0.7
360000 0.4
365000 0.7
370000 0.9
375000 0.6
380000 0.6
385000 0.8
390000 0.6
395000 1.0
400000 0.8
405000 1.0
410000 0.7
415000 0.9
420000 1.0
425000 0.8
430000 0.9
435000 0.5
440000 0.5
445000 0.5
450000 0.8
455000 0.5
460000 0.9
465000 0.7
470000 0.6
475000 0.7
480000 0.7
485000 0.8
490000 0.5
495000 0.6
500000 0.9
505000 0.9
510000 0.7
515000 0.6
520000 0.7
525000 0.3
530000 0.7
535000 0.7
540000 0.7
545000 0.5
550000 0.9
555000 0.5
560000 0.6
565000 0.6
570000 0.6
575000 0.7
580000 0.7
585000 0.7
590000 0.5
595000 0.7
600000 0.3
605000 0.9
610000 0.8
615000 0.7
620000 0.7
625000 0.8
630000 0.7
635000 0.7
640000 0.7
645000 0.7
650000 0.7
655000 0.7
660000 0.5
665000 0.8
670000 0.6
675000 0.5
680000 0.5
685000 0.7
690000 0.7
695000 0.6
700000 0.7
705000 0.8
710000 0.7
715000 0.5
720000 0.6
725000 0.6
730000 0.7
735000 0.7
740000 0.6
745000 0.9
750000 0.5
755000 0.7
760000 0.8
765000 0.6
770000 0.7
775000 0.7
780000 0.7
785000 0.8
790000 0.9
795000 1.0
800000 0.8
805000 0.7
810000 0.7
815000 0.8
820000 0.4
825000 0.4
830000 0.9
835000 0.6
840000 0.6
845000 0.5
850000 0.6
855000 0.7
860000 0.7
865000 0.7
870000 0.5
875000 0.7
880000 0.8
885000 0.9
890000 0.8
895000 0.7
900000 0.5
905000 0.5
910000 0.7
915000 0.7
920000 0.8
925000 0.5
930000 0.8
935000 0.8
940000 0.7
945000 0.9
950000 0.6
955000 0.6
960000 0.7
965000 0.6
970000 0.8
975000 0.8
980000 0.5
985000 0.8
990000 0.7
995000 0.7
1000000 0.7
