5000 0.0
10000 0.0
15000 0.0
20000 0.0
25000 0.0
30000 0.0
35000 0.0
40000 0.0
45000 0.0
50000 0.0
55000 0.1
60000 0.0
65000 0.0
70000 0.3
75000 0.4
80000 0.4
85000 0.1
90000 0.4
95000 0.2
100000 0.1
105000 0.5
110000 0.2
115000 0.6
120000 0.6
125000 0.5
130000 0.6
135000 0.8
140000 0.5
145000 0.5
150000 0.6
155000 0.6
160000 0.5
165000 0.6
170000 0.6
175000 0.5
180000 0.8
185000 0.5
190000 0.7
195000 0.9
200000 0.4
205000 0.6
210000 0.4
215000 0.8
220000 0.5
225000 0.5
230000 0.7
235000 0.7
240000 0.6
245000 0.7
250000 0.7
255000 0.6
260000 0.8
265000 0.5
270000 0.8
275000 0.4
280000 0.3
285000 0.6
290000 0.7
295000 0.8
300000 0.7
305000 0.7
310000 0.7
315000 0.6
320000 0.8
325000 0.6
330000 0.7
335000 0.6
340000 0.6
345000 0.7
350000 0.5
355000 0.7
360000 0.8
365000 0.9
370000 0.6
375000 0.8
380000 0.2
385000 0.6
390000 0.9
395000 0.5
400000 0.3
405000 0.8
410000 0.6
415000 0.9
420000 0.8
425000 0.7
430000 0.4
435000 0.4
440000 0.7
445000 0.7
450000 0.8
455000 0.6
460000 0.6
465000 0.7
470000 0.5
475000 0.7
480000 0.6
485000 0.6
490000 0.8
495000 0.8
500000 0.7
505000 0.6
510000 0.7
515000 0.4
520000 0.8
525000 0.7
530000 0.4
535000 0.6
540000 0.6
545000 0.8
550000 0.7
555000 0.7
560000 0.6
565000 0.6
570000 0.6
575000 0.5
580000 1.0
585000 0.5
590000 0.8
595000 0.7
600000 0.7
605000 0.7
610000 0.7
615000 0.6
620000 0.5
625000 0.7
630000 0.8
635000 0.4
640000 0.4
645000 0.9
650000 0.6
655000 0.7
660000 0.8
665000 0.6
670000 1.0
675000 0.7
680000 0.9
685000 0.6
690000 0.4
695000 0.7
700000 0.4
705000 0.7
710000 0.8
715000 0.7
720000 0.7
725000 0.5
730000 0.7
735000 0.8
740000 0.5
745000 0.7
750000 0.4
755000 0.7
760000 0.6
765000 0.8
770000 0.7
775000 0.5
780000 0.4
785000 0.7
790000 0.5
795000 0.8
800000 0.4
805000 0.7
810000 0.6
815000 0.7
820000 0.6
825000 1.0
830000 0.6
835000 0.7
840000 0.7
845000 0.8
850000 0.7
855000 0.7
860000 0.5
865000 0.8
870000 0.6
875000 0.5
880000 0.5
885000 0.6
890000 0.6
895000 0.6
900000 0.8
905000 0.7
910000 0.8
915000 0.3
920000 0.8
925000 0.6
930000 0.5
935000 0.7
940000 0.7
945000 0.6
950000 0.9
955000 0.6
960000 0.3
965000 0.8
970000 0.8
975000 0.6
980000 0.6
985000 0.6
990000 0.9
995000 0.6
1000000 0.7
