5000 0.0
10000 0.0
15000 0.0
20000 0.0
25000 0.0
30000 0.0
35000 0.0
40000 0.0
45000 0.0
50000 0.1
55000 0.1
60000 0.0
65000 0.5
70000 0.2
75000 0.4
80000 0.0
85000 0.7
90000 0.1
95000 0.1
100000 0.3
105000 0.6
110000 0.3
115000 0.6
120000 0.5
125000 0.4
130000 0.8
135000 0.2
140000 0.4
145000 0.6
150000 0.6
155000 0.4
160000 0.5
165000 0.7
170000 0.6
175000 0.8
180000 0.5
185000 0.5
190000 0.4
195000 0.9
200000 0.4
205000 0.3
210000 0.9
215000 0.7
220000 1.0
225000 0.5
230000 0.6
235000 0.8
240000 0.6
245000 0.8
250000 0.7
255000 0.8
260000 0.8
265000 0.6
270000 0.5
275000 0.5
280000 0.9
285000 0.6
290000 0.6
295000 0.6
300000 0.7
305000 1.0
310000 0.7
315000 0.9
320000 0.9
325000 0.4
330000 0.8
335000 0.7
340000 0.9
345000 0.7
350000 0.6
355000 0.7
360000 0.7
365000 0.8
370000 0.7
375000 0.8
380000 0.8
385000 0.7
390000 0.6
395000 0.8
400000 0.5
405000 0.8
410000 0.8
415000 0.6
420000 0.6
425000 0.6
430000 0.9
435000 0.8
440000 1.0
445000 0.8
450000 0.8
455000 0.7
460000 0.9
465000 0.8
470000 1.0
475000 0.6
480000 0.9
485000 0.6
490000 0.8
495000 0.8
500000 0.9
505000 0.6
510000 0.7
515000 0.7
520000 0.7
525000 0.6
530000 0.6
535000 0.8
540000 0.7
545000 0.7
550000 0.5
555000 0.5
560000 0.7
565000 0.9
570000 0.5
575000 0.8
580000 0.8
585000 0.8
590000 0.8
595000 0.7
600000 0.7
605000 0.6
610000 0.8
615000 0.5
620000 0.5
625000 0.9
630000 0.7
635000 0.7
640000 0.8
645000 0.7
650000 0.7
655000 0.7
660000 0.6
665000 0.7
670000 0.5
675000 0.5
680000 0.8
685000 0.6
690000 0.6
695000 1.0
700000 0.9
705000 0.5
710000 0.5
715000 0.8
720000 1.0
725000 0.7
730000 0.7
735000 0.7
740000 0.6
745000 0.8
750000 0.7
755000 0.7
760000 0.5
765000 0.5
770000 0.6
775000 0.8
780000 0.8
785000 0.7
790000 0.6
795000 0.8
800000 0.7
805000 0.8
810000 0.5
815000 0.9
820000 0.8
825000 0.6
830000 0.5
835000 0.9
840000 0.7
845000 0.5
850000 0.5
855000 0.7
860000 0.6
865000 0.7
870000 0.4
875000 0.8
880000 0.8
885000 0.5
890000 0.9
895000 0.6
900000 0.8
905000 0.6
910000 0.8
915000 0.7
920000 0.5
925000 0.4
930000 0.7
935000 0.8
940000 0.7
945000 1.0
950000 0.5
955000 0.7
960000 0.5
965000 0.6
970000 0.6
975000 0.8
980000 0.7
985000 0.7
990000 0.7
995000 0.8
1000000 0.7
