5000 0.0
10000 0.0
15000 0.0
20000 0.0
25000 0.0
30000 0.0
35000 0.0
40000 0.0
45000 0.0
50000 0.0
55000 0.1
60000 0.2
65000 0.2
70000 0.1
75000 0.9
80000 0.1
85000 0.2
90000 0.4
95000 0.5
100000 0.5
105000 0.6
110000 0.4
115000 0.9
120000 0.3
125000 0.6
130000 0.3
135000 0.6
140000 0.3
145000 0.6
150000 0.9
155000 0.5
160000 0.7
165000 0.7
170000 0.7
175000 0.6
180000 0.6
185000 0.5
190000 0.3
195000 1.0
200000 0.7
205000 0.6
210000 0.5
215000 0.5
220000 0.7
225000 0.7
230000 0.9
235000 0.7
240000 0.5
245000 0.9
250000 0.7
255000 0.5
260000 0.6
265000 0.7
270000 0.7
275000 0.4
280000 1.0
285000 0.9
290000 0.4
295000 0.5
300000 0.6
305000 0.4
310000 0.8
315000 0.6
320000 0.8
325000 0.9
330000 0.5
335000 0.8
340000 0.8
345000 0.9
350000 0.8
355000 0.6
360000 0.7
365000 0.7
370000 0.8
375000 0.7
380000 0.8
385000 1.0
390000 0.9
395000 0.7
400000 0.8
405000 0.7
410000 0.9
415000 0.7
420000 0.7
425000 0.8
430000 0.6
435000 1.0
440000 0.7
445000 0.8
450000 0.5
455000 0.8
460000 0.7
465000 0.9
470000 0.9
475000 0.9
480000 0.9
485000 0.6
490000 0.8
495000 0.7
500000 0.6
505000 0.6
510000 0.7
515000 0.6
520000 0.7
525000 0.8
530000 0.6
535000 0.8
540000 0.4
545000 0.7
550000 0.9
555000 0.7
560000 0.7
565000 0.8
570000 0.6
575000 0.6
580000 0.6
585000 0.5
590000 0.8
595000 0.6
600000 0.8
605000 0.7
610000 0.7
615000 0.7
620000 0.8
625000 0.7
630000 0.9
635000 0.7
640000 0.6
645000 0.8
650000 0.7
655000 0.6
660000 0.7
665000 0.9
670000 0.7
675000 0.7
680000 0.8
685000 0.6
690000 0.7
695000 0.7
700000 0.9
705000 1.0
710000 0.9
715000 0.7
720000 0.9
725000 0.7
730000 0.9
735000 0.8
740000 0.8
745000 0.9
750000 0.8
755000 1.0
760000 0.9
765000 0.5
770000 0.9
775000 0.7
780000 0.8
785000 0.7
790000 0.9
795000 0.8
800000 0.7
805000 0.5
810000 0.6
815000 0.6
820000 0.7
825000 0.7
830000 0.6
835000 0.9
840000 0.8
845000 0.8
850000 0.6
855000 0.7
860000 0.5
865000 0.7
870000 0.5
875000 0.6
880000 0.5
885000 0.7
890000 0.8
895000 0.7
900000 1.0
905000 0.5
910000 0.8
915000 0.7
920000 0.5
925000 0.8
930000 0.9
935000 0.9
940000 0.8
945000 0.7
950000 0.5
955000 0.7
960000 0.9
965000 0.8
970000 0.7
975000 0.6
980000 0.8
985000 0.9
990000 0.8
995000 0.9
1000000 0.7
