5000 0.0
10000 0.0
15000 0.0
20000 0.0
25000 0.0
30000 0.0
35000 0.0
40000 0.0
45000 0.2
50000 0.1
55000 0.5
60000 0.3
65000 0.1
70000 0.5
75000 0.0
80000 0.7
85000 0.3
90000 0.6
95000 0.5
100000 0.4
105000 0.8
110000 0.5
115000 0.7
120000 0.6
125000 0.6
130000 0.6
135000 0.8
140000 0.8
145000 0.7
150000 0.7
155000 0.8
160000 0.6
165000 0.8
170000 0.7
175000 0.6
180000 0.6
185000 0.3
190000 0.7
195000 0.8
200000 0.9
205000 0.8
210000 0.6
215000 1.0
220000 0.8
225000 0.8
230000 0.9
235000 0.6
240000 0.7
245000 0.9
250000 0.6
255000 0.5
260000 1.0
265000 0.8
270000 0.8
275000 0.8
280000 0.6
285000 0.4
290000 0.7
295000 0.8
300000 0.9
305000 0.5
310000 0.6
315000 0.7
320000 0.8
325000 0.8
330000 0.7
335000 0.8
340000 0.8
345000 0.6
350000 0.7
355000 0.6
360000 0.5
365000 0.2
370000 0.7
375000 0.8
380000 0.6
385000 0.6
390000 0.6
395000 0.9
400000 0.6
405000 0.6
410000 0.7
415000 0.8
420000 0.7
425000 1.0
430000 0.7
435000 0.8
440000 0.7
445000 0.8
450000 0.9
455000 0.8
460000 0.9
465000 0.8
470000 0.2
475000 0.5
480000 0.7
485000 0.6
490000 0.7
495000 0.9
500000 0.7
505000 0.9
510000 0.7
515000 0.5
520000 0.8
525000 0.5
530000 0.7
535000 0.3
540000 0.9
545000 0.7
550000 0.7
555000 0.9
560000 0.6
565000 0.5
570000 0.5
575000 0.8
580000 0.6
585000 0.4
590000 0.8
595000 0.6
600000 0.7
605000 0.8
610000 0.7
615000 0.8
620000 0.7
625000 0.9
630000 0.8
635000 0.7
640000 0.7
645000 0.5
650000 0.7
655000 0.7
660000 0.8
665000 0.7
670000 0.9
675000 0.7
680000 0.8
685000 0.5
690000 0.6
695000 0.6
700000 0.7
705000 1.0
710000 0.8
715000 0.8
720000 0.6
725000 0.8
730000 0.8
735000 0.8
740000 0.8
745000 0.9
750000 0.8
755000 0.7
760000 0.9
765000 0.5
770000 0.5
775000 0.6
780000 0.5
785000 0.6
790000 0.7
795000 0.7
800000 0.8
805000 0.4
810000 0.7
815000 0.8
820000 0.8
825000 0.8
830000 0.8
835000 0.6
840000 0.9
845000 0.5
850000 0.6
855000 0.7
860000 0.6
865000 0.6
870000 0.6
875000 0.7
880000 0.7
885000 0.7
890000 0.9
895000 0.6
900000 0.5
905000 0.7
910000 0.5
915000 0.7
920000 0.7
925000 0.6
930000 1.0
935000 0.8
940000 0.6
945000 0.8
950000 1.0
955000 1.0
960000 0.7
965000 0.8
970000 0.9
975000 0.5
980000 0.4
985000 0.8
990000 0.5
995000 0.7
1000000 1.0
