5000 0.0
10000 0.0
15000 0.0
20000 0.0
25000 0.0
30000 0.0
35000 0.0
40000 0.0
45000 0.0
50000 0.0
55000 0.0
60000 0.0
65000 0.1
70000 0.2
75000 0.4
80000 0.1
85000 0.4
90000 0.7
95000 0.4
100000 0.5
105000 0.6
110000 0.6
115000 0.7
120000 0.7
125000 0.7
130000 0.6
135000 0.9
140000 0.7
145000 0.9
150000 0.4
155000 0.5
160000 0.9
165000 0.7
170000 0.6
175000 0.5
180000 0.5
185000 0.5
190000 0.9
195000 0.6
200000 0.8
205000 0.6
210000 0.8
215000 0.4
220000 0.7
225000 0.9
230000 0.9
235000 0.9
240000 0.6
245000 0.6
250000 0.9
255000 0.8
260000 0.6
265000 0.7
270000 0.5
275000 0.7
280000 1.0
285000 1.0
290000 0.7
295000 0.6
300000 0.6
305000 0.7
310000 0.7
315000 1.0
320000 0.9
325000 0.6
330000 0.8
335000 0.9
340000 0.7
345000 0.8
350000 0.8
355000 0.7
360000 0.8
365000 0.6
370000 0.7
375000 0.9
380000 0.9
385000 0.8
390000 0.8
395000 0.7
400000 0.8
405000 0.8
410000 0.7
415000 0.7
420000 0.7
425000 0.8
430000 1.0
435000 0.8
440000 0.7
445000 0.9
450000 0.8
455000 0.6
460000 1.0
465000 0.4
470000 0.7
475000 0.6
480000 0.5
485000 1.0
490000 0.9
495000 0.9
500000 0.5
505000 0.8
510000 0.9
515000 0.9
520000 0.7
525000 1.0
530000 0.9
535000 0.9
540000 0.8
545000 0.8
550000 0.8
555000 0.8
560000 0.8
565000 0.8
570000 0.7
575000 0.8
580000 0.9
585000 0.9
590000 0.7
595000 0.7
600000 0.8
605000 1.0
610000 0.9
615000 0.9
620000 0.8
625000 0.6
630000 0.9
635000 0.9
640000 0.7
645000 0.8
650000 0.7
655000 1.0
660000 0.7
665000 0.8
670000 0.6
675000 0.8
680000 0.8
685000 0.7
690000 0.8
695000 0.8
700000 0.9
705000 0.8
710000 0.7
715000 0.7
720000 0.7
725000 0.9
730000 0.7
735000 0.8
740000 0.9
745000 0.5
750000 0.8
755000 0.7
760000 0.9
765000 0.8
770000 0.7
775000 0.6
780000 0.7
785000 0.9
790000 0.8
795000 0.8
800000 0.9
805000 0.9
810000 0.8
815000 0.9
820000 0.8
825000 0.8
830000 0.7
835000 0.8
840000 0.3
845000 0.7
850000 0.8
855000 0.5
860000 0.9
865000 0.9
870000 0.9
875000 0.9
880000 0.9
885000 0.7
890000 0.9
895000 0.8
900000 0.8
905000 0.7
910000 0.7
915000 0.9
920000 0.8
925000 0.7
930000 0.7
935000 1.0
940000 0.8
945000 0.8
950000 0.7
955000 0.9
960000 0.6
965000 0.9
970000 0.9
975000 0.8
980000 0.6
985000 0.8
990000 0.9
995000 0.6
1000000 0.9
