5000 0.0
10000 0.0
15000 0.0
20000 0.0
25000 0.0
30000 0.0
35000 0.0
40000 0.0
45000 0.0
50000 0.2
55000 0.4
60000 0.7
65000 0.6
70000 0.8
75000 0.2
80000 0.5
85000 0.7
90000 0.7
95000 0.1
100000 0.6
105000 0.8
110000 0.4
115000 0.5
120000 0.6
125000 0.6
130000 0.6
135000 0.6
140000 0.8
145000 0.8
150000 0.6
155000 0.8
160000 0.6
165000 0.8
170000 0.6
175000 0.8
180000 0.6
185000 1.0
190000 0.7
195000 0.9
200000 0.7
205000 0.7
210000 0.6
215000 0.8
220000 0.7
225000 1.0
230000 0.5
235000 1.0
240000 0.9
245000 1.0
250000 0.7
255000 0.9
260000 0.9
265000 0.7
270000 1.0
275000 0.5
280000 0.8
285000 0.9
290000 1.0
295000 0.8
300000 0.8
305000 0.5
310000 0.8
315000 0.7
320000 0.8
325000 1.0
330000 0.9
335000 0.9
340000 0.8
345000 0.8
350000 0.8
355000 0.7
360000 0.9
365000 0.7
370000 0.7
375000 0.9
380000 0.7
385000 0.9
390000 0.7
395000 0.9
400000 0.8
405000 0.6
410000 0.9
415000 0.6
420000 0.9
425000 0.9
430000 0.9
435000 0.8
440000 0.5
445000 0.6
450000 0.9
455000 0.7
460000 0.7
465000 0.9
470000 0.6
475000 0.8
480000 0.9
485000 0.9
490000 0.9
495000 0.7
500000 0.8
505000 0.9
510000 1.0
515000 1.0
520000 0.7
525000 1.0
530000 0.9
535000 0.9
540000 0.7
545000 0.9
550000 0.8
555000 0.9
560000 0.8
565000 0.7
570000 0.6
575000 1.0
580000 0.9
585000 0.8
590000 0.9
595000 0.8
600000 0.9
605000 0.9
610000 0.7
615000 0.9
620000 0.9
625000 0.9
630000 0.8
635000 0.9
640000 0.8
645000 1.0
650000 0.7
655000 0.8
660000 0.8
665000 0.7
670000 0.9
675000 0.8
680000 0.9
685000 1.0
690000 0.7
695000 0.8
700000 0.8
705000 0.9
710000 0.9
715000 1.0
720000 1.0
725000 0.9
730000 0.4
735000 0.7
740000 0.8
745000 0.8
750000 0.8
755000 0.8
760000 0.8
765000 0.7
770000 0.9
775000 0.8
780000 0.9
785000 0.9
790000 1.0
795000 1.0
800000 0.9
805000 0.9
810000 0.7
815000 1.0
820000 0.7
825000 0.7
830000 1.0
835000 1.0
840000 0.9
845000 1.0
850000 0.6
855000 1.0
860000 0.9
865000 0.9
870000 0.7
875000 0.9
880000 1.0
885000 0.8
890000 0.7
895000 0.7
900000 0.8
905000 1.0
910000 0.8
915000 0.8
920000 0.9
925000 0.9
930000 0.6
935000 0.8
940000 0.7
945000 0.8
950000 0.9
955000 0.9
960000 0.6
965000 0.8
970000 0.9
975000 0.8
980000 1.0
985000 0.8
990000 1.0
995000 1.0
1000000 0.8
