5000 0.0
10000 0.0
15000 0.0
20000 0.0
25000 0.0
30000 0.0
35000 0.0
40000 0.0
45000 0.0
50000 0.0
55000 0.1
60000 0.2
65000 0.4
70000 0.1
75000 0.8
80000 0.4
85000 0.4
90000 0.5
95000 0.5
100000 0.3
105000 0.3
110000 0.6
115000 0.3
120000 0.7
125000 0.6
130000 0.4
135000 0.5
140000 0.5
145000 0.5
150000 0.6
155000 0.8
160000 0.9
165000 0.6
170000 0.7
175000 0.6
180000 0.7
185000 0.8
190000 0.6
195000 0.7
200000 0.8
205000 0.7
210000 0.6
215000 0.6
220000 1.0
225000 0.8
230000 0.8
235000 0.9
240000 0.5
245000 0.8
250000 0.8
255000 0.6
260000 0.6
265000 0.8
270000 0.7
275000 0.7
280000 0.8
285000 0.5
290000 0.8
295000 0.9
300000 0.7
305000 0.7
310000 0.6
315000 0.5
320000 0.6
325000 0.7
330000 0.9
335000 0.9
340000 0.8
345000 0.8
350000 1.0
355000 0.9
360000 0.7
365000 0.8
370000 0.7
375000 0.9
380000 0.9
385000 0.7
390000 0.5
395000 0.8
400000 0.7
405000 0.8
410000 0.8
415000 0.8
420000 0.8
425000 0.9
430000 0.5
435000 0.8
440000 0.5
445000 0.9
450000 0.6
455000 0.9
460000 1.0
465000 0.7
470000 0.7
475000 0.9
480000 0.7
485000 0.6
490000 0.7
495000 0.8
500000 0.7
505000 0.9
510000 0.6
515000 1.0
520000 0.8
525000 0.5
530000 1.0
535000 0.6
540000 0.9
545000 0.7
550000 0.9
555000 0.9
560000 0.8
565000 0.6
570000 0.8
575000 0.8
580000 0.7
585000 0.7
590000 0.8
595000 0.6
600000 0.5
605000 0.8
610000 0.9
615000 0.6
620000 0.7
625000 0.7
630000 0.5
635000 0.8
640000 0.6
645000 0.7
650000 0.6
655000 0.9
660000 0.9
665000 0.8
670000 0.7
675000 0.9
680000 0.7
685000 0.6
690000 0.5
695000 0.4
700000 0.9
705000 0.8
710000 0.9
715000 0.8
720000 0.7
725000 0.8
730000 1.0
735000 0.8
740000 0.7
745000 0.9
750000 0.8
755000 0.9
760000 0.6
765000 0.8
770000 0.8
775000 0.8
780000 0.9
785000 0.7
790000 0.6
795000 0.8
800000 0.6
805000 0.8
810000 0.6
815000 0.6
820000 0.9
825000 0.7
830000 0.8
835000 0.9
840000 0.8
845000 0.8
850000 0.9
855000 0.5
860000 0.8
865000 0.7
870000 0.6
875000 0.8
880000 1.0
885000 0.7
890000 0.6
895000 0.9
900000 0.8
905000 0.8
910000 0.7
915000 0.8
920000 0.8
925000 0.5
930000 0.7
935000 0.7
940000 0.9
945000 0.6
950000 0.9
955000 1.0
960000 0.7
965000 0.9
970000 0.5
975000 0.7
980000 0.9
985000 0.9
990000 0.7
995000 0.6
1000000 0.8
