5000 0.0
10000 0.0
15000 0.0
20000 0.0
25000 0.0
30000 0.0
35000 0.0
40000 0.0
45000 0.0
50000 0.1
55000 0.1
60000 0.0
65000 0.4
70000 0.0
75000 0.7
80000 0.3
85000 0.3
90000 0.2
95000 0.6
100000 0.8
105000 0.7
110000 0.6
115000 0.1
120000 0.6
125000 0.8
130000 0.7
135000 0.8
140000 0.6
145000 0.8
150000 0.8
155000 0.6
160000 0.7
165000 0.7
170000 0.8
175000 0.8
180000 0.7
185000 0.8
190000 0.9
195000 0.7
200000 0.9
205000 0.5
210000 0.8
215000 0.8
220000 0.5
225000 0.8
230000 0.8
235000 0.8
240000 0.8
245000 0.9
250000 0.7
255000 0.8
260000 1.0
265000 0.8
270000 0.5
275000 0.6
280000 0.7
285000 0.5
290000 0.9
295000 0.6
300000 0.5
305000 0.6
310000 0.8
315000 0.8
320000 0.9
325000 0.8
330000 0.8
335000 0.9
340000 0.9
345000 0.9
350000 0.6
355000 0.8
360000 0.5
365000 0.8
370000 0.7
375000 1.0
380000 0.6
385000 0.9
390000 0.5
395000 0.5
400000 0.7
405000 0.8
410000 0.8
415000 1.0
420000 0.7
425000 0.8
430000 0.7
435000 0.9
440000 0.5
445000 0.8
450000 0.6
455000 0.7
460000 0.9
465000 0.4
470000 1.0
475000 0.8
480000 0.6
485000 0.8
490000 0.6
495000 0.9
500000 0.9
505000 0.6
510000 0.6
515000 0.7
520000 0.7
525000 0.9
530000 0.9
535000 0.8
540000 0.5
545000 1.0
550000 0.9
555000 0.6
560000 0.8
565000 0.7
570000 0.9
575000 0.6
580000 1.0
585000 0.9
590000 0.6
595000 0.7
600000 0.8
605000 0.6
610000 0.5
615000 0.9
620000 0.8
625000 1.0
630000 0.6
635000 0.9
640000 0.6
645000 0.6
650000 0.8
655000 0.9
660000 0.8
665000 0.8
670000 0.7
675000 0.5
680000 0.6
685000 1.0
690000 1.0
695000 0.9
700000 1.0
705000 0.7
710000 0.7
715000 0.8
720000 0.6
725000 0.9
730000 0.8
735000 0.9
740000 0.8
745000 0.8
750000 0.6
755000 0.6
760000 0.7
765000 0.6
770000 0.6
775000 0.7
780000 0.8
785000 0.4
790000 0.4
795000 0.8
800000 0.8
805000 0.6
810000 0.7
815000 0.7
820000 0.9
825000 0.7
830000 0.8
835000 0.6
840000 0.7
845000 0.7
850000 0.8
855000 0.7
860000 0.9
865000 0.8
870000 1.0
875000 0.8
880000 0.6
885000 1.0
890000 0.5
895000 1.0
900000 0.8
905000 0.7
910000 0.6
915000 1.0
920000 0.9
925000 0.7
930000 0.9
935000 0.9
940000 0.9
945000 0.5
950000 0.6
955000 0.8
960000 0.8
965000 0.6
970000 0.7
975000 0.7
980000 0.7
985000 0.9
990000 0.6
995000 0.7
1000000 0.8
