5000 0.0
10000 0.0
15000 0.0
20000 0.0
25000 0.0
30000 0.0
35000 0.0
40000 0.0
45000 0.0
50000 0.0
55000 0.0
60000 0.1
65000 0.3
70000 0.2
75000 0.6
80000 0.4
85000 0.1
90000 0.1
95000 0.5
100000 0.5
105000 0.6
110000 0.6
115000 0.4
120000 0.5
125000 0.2
130000 0.6
135000 0.8
140000 0.6
145000 0.5
150000 0.8
155000 0.6
160000 0.7
165000 0.6
170000 0.6
175000 0.8
180000 0.6
185000 0.5
190000 0.8
195000 0.6
200000 0.8
205000 0.4
210000 0.8
215000 0.6
220000 0.8
225000 0.7
230000 0.6
235000 0.8
240000 0.6
245000 0.6
250000 0.6
255000 0.8
260000 0.8
265000 0.3
270000 0.8
275000 0.5
280000 0.7
285000 0.6
290000 0.6
295000 0.8
300000 0.7
305000 0.7
310000 0.5
315000 1.0
320000 0.7
325000 0.8
330000 0.7
335000 0.8
340000 0.5
345000 0.3
350000 0.6
355000 0.7
360000 0.7
365000 0.7
370000 0.8
375000 0.6
380000 0.6
385000 0.9
390000 0.8
395000 0.9
400000 0.8
405000 0.8
410000 0.6
415000 0.4
420000 0.3
425000 0.7
430000 0.7
435000 0.4
440000 0.3
445000 0.6
450000 0.6
455000 0.5
460000 0.7
465000 0.4
470000 0.8
475000 0.9
480000 0.6
485000 0.8
490000 0.6
495000 1.0
500000 0.8
505000 0.7
510000 0.7
515000 0.6
520000 0.6
525000 0.6
530000 0.3
535000 0.7
540000 0.6
545000 0.5
550000 0.6
555000 0.9
560000 0.3
565000 0.4
570000 0.6
575000 0.6
580000 0.8
585000 0.7
590000 0.4
595000 0.9
600000 0.8
605000 0.7
610000 0.9
615000 0.9
620000 0.3
625000 0.8
630000 0.8
635000 0.8
640000 0.5
645000 0.6
650000 0.8
655000 0.6
660000 0.7
665000 0.5
670000 0.5
675000 0.9
680000 0.8
685000 0.6
690000 0.7
695000 0.5
700000 0.5
705000 0.8
710000 0.7
715000 0.8
720000 0.9
725000 0.6
730000 0.8
735000 0.8
740000 0.9
745000 0.6
750000 0.5
755000 0.6
760000 0.8
765000 0.4
770000 0.8
775000 0.5
780000 0.6
785000 0.7
790000 0.3
795000 0.8
800000 1.0
805000 0.7
810000 0.7
815000 0.5
820000 0.7
825000 0.8
830000 0.8
835000 0.8
840000 0.3
845000 0.7
850000 0.7
855000 0.3
860000 0.9
865000 0.7
870000 0.5
875000 0.7
880000 0.8
885000 0.8
890000 0.7
895000 0.7
900000 0.4
905000 0.8
910000 0.7
915000 0.5
920000 0.8
925000 0.9
930000 0.8
935000 0.8
940000 0.6
945000 0.7
950000 0.9
955000 0.6
960000 0.8
965000 0.7
970000 0.7
975000 0.6
980000 0.6
985000 0.5
990000 0.6
995000 0.8
1000000 0.7
